0.11144146035948106
0.10307382762848105
0.10046450000039966
0.09895938478698406
0.09778161047548938
0.09630586918038256
0.09542835202467843
0.0945180374238854
0.09340349106192361
0.09253717208879869
0.09208113095799668
0.09158839612800515
0.09134872158312524
0.09090460374903797
0.09060386479477446
0.0902285081694696
0.08991612264279067
0.08927743708089093
0.08866440626659777
0.08804428157136342
0.08733504720308405
0.08659195582562122
0.0861278540117528
0.08562497854163832
0.08522767764025538
0.0846759048701851
0.08446581778539136
0.08388000383767459
0.08355425449493016
0.08331092471611372
0.07913345098495483
0.07853071391582489
0.07853850722312927
0.08192772866233552
0.07821116596460342
0.08137912567431793
0.08099787246402192
0.0807937187637368
0.08032768367859881
0.08019575841341083
0.07994351976718517
0.07938251014856534
0.07901535105072996
0.0789544893666082
0.07854682170684345
0.0784782710170225
0.07832062046111206
0.07519667595624924
0.07754778011900368
0.07705435142067843
0.07666588905516422
0.07658943854197926
0.07630811765663983
0.07650094864232569
0.07624892024748411
0.07592455546400935
0.07636042325506544
0.0760518439106878
0.07592604111530084
0.07583882167105817
0.07596293828911764
0.07535865980655408
0.07546671429570817
0.07543826709197786
0.07559963673262055
0.07532381612454223
0.07535446086284416
0.0758580346899133
0.0748238672070681
0.0746943122775804
0.07288235425949097
0.07500099293040413
0.0747505208220945
0.07273519784212112
0.0745244521577389
0.07448506464598366
0.07441870116624807
0.07453113371172389
0.07395700302106904
0.07377665782246008
0.07384838350994975
0.07430798382019295
0.07394879604115166
0.07408988660015556
0.07372342494373178
0.07408422059084938
0.07355029831273319
0.07380742472436186
0.07342150665023416
0.07308576100247706
0.07284540509667868
0.0727760281938747
0.07307389697470924
0.07224970310926437
0.07243280788352816
0.07291207688962384
0.07279038673946048
0.07246544182007562
0.07254206834929948
0.07226489683456058
0.07277051490362577
0.07245502335477508
0.0725215451233834
0.07256574029874864
0.0719876308081235
0.07192495575718823
0.07343321751334113
0.07336278942265594
0.07228259978822779
0.07241045607758803
0.0727359312334663
0.07269205842151331
0.0718209034003957
0.07192365087955832
0.0724351686353418
0.07308865374887791
0.07229598117746408
0.07257553317471277
0.07254318441986177
0.0732834998420482