0.11146697959536202
0.10304420513817446
0.10040154114900234
0.09893921866308654
0.09776796175973651
0.09631875406616175
0.09537660526880556
0.09444937986607595
0.09338528578634699
0.08804445713758469
0.09215224443434525
0.09167254382417409
0.09138527876429609
0.09092770422167729
0.09059123826208139
0.09024368008259893
0.08986834396627477
0.08925135327643981
0.08867704040947642
0.08797318554949797
0.08324924856424332
0.08660501687751751
0.08613138494836572
0.08553218050933759
0.08510567569452344
0.08454303871996174
0.08056341856718063
0.08389713117704413
0.0797761082649231
0.07959400117397308
0.08288021689870692
0.08225330067266093
0.08225009557665129
0.08205148966268058
0.08190359662168417
0.07789796590805054
0.08113875647548599
0.08080353368782275
0.08036162621991715
0.08024775757164843
0.07999131029932571
0.07949346529553712
0.07909347260134382
0.07909340414714955
0.07860988764357218
0.07859125798040456
0.07834304270391822
0.07806598259734789
0.07751570475121611
0.07694576846952762
0.07642431978144112
0.07636924888561082
0.0760039268406006
0.0762616608178945
0.07602213456328727
0.07576035707793595
0.07620387552340621
0.0757890373023208
0.07348212599754333
0.07556260921089779
0.07563878826302584
0.07517337008742636
0.07514542487596931
0.07504926626501819
0.07520242838883093
0.07479746169032929
0.07481362064575421
0.07528521428045991
0.07426160173347733
0.07277147471904755
0.07425018670996018
0.07319387048482895
0.0743398634686562
0.07406333942477049
0.07427201907539212
0.07423934715625868
0.07416201985816855
0.0741948639499792
0.07358886045286189
0.07347065406178974
0.07349170409732037
0.07301970571279526
0.07362504070471403
0.07364255637825516
0.07326203940975712
0.073640113865019
0.07327995617510073
0.07367137078697636
0.07334338490924656
0.07302908017075745
0.07297985263485515
0.07289180882650208
0.07321127723918094
0.07262332305435043
0.07253003824126811
0.07302122053658187
0.07292720453068659
0.07252995454704254
0.07262763814189654
0.07231816799138185
0.07249557442453532
0.07266995021230482
0.07318600207105784
0.07271818524536403
0.07337353080937407
0.07250970801091516
0.07319044797272735
0.07236676009470224
0.07311042982245887
0.07216025734222593
0.0727366704231564
0.0731595311007518
0.07283231910295063
0.07315624943998437
0.07313003436990946
0.07223898628223624
0.0731563899948588
0.07321900894044227
0.0731865870852445
0.07286156600702427