0.11149881495226312
0.10312930539081827
0.10052421484678985
0.0941123515367508
0.0977634911624324
0.09631887862371934
0.09539607962093818
0.09450809091497644
0.08880110085010529
0.09265973336179514
0.09220891981461647
0.08714903146028519
0.09136567674430268
0.09094846620330094
0.09070640836403192
0.08592642843723297
0.09003631874419167
0.08940874127693826
0.08887868439940762
0.08826150654332379
0.08760232199152392
0.08686765721182355
0.08635735371475542
0.08580144446612828
0.08535339478667592
0.08480206046968267
0.08462737066777404
0.08415205805845465
0.08378728055147983
0.08359866893600945
0.08311959471733246
0.08250787410719507
0.08248338818492801
0.08228456357054449
0.0820450379147244
0.08172903597149309
0.08131874260052112
0.07741004228591919
0.0806748398690915
0.08056699270843413
0.0803987896955918
0.07993909532406034
0.079572825359539
0.0795647093067467
0.07915302421167952
0.07911729663948533
0.07895921369276068
0.07861517369062347
0.07806302093192556
0.07754485225561043
0.0771703957274792
0.07707565773534746
0.07663169233244094
0.0768852239443885
0.07361631095409393
0.07627524005347691
0.07672282504834003
0.0735791027545929
0.0761451609131558
0.07601525343631298
0.07611510110917077
0.07559327076454465
0.07554676270807793
0.07546960144835649
0.07541060253568854
0.07514846047946484
0.07515655603985028
0.07568354404454915
0.07462377354385227
0.07451220029884528
0.07459399500041422
0.07484229919301269
0.07463947770325659
0.07433069681958386
0.07461367606668778
0.07442802091489699
0.07434270430547557
0.0744328080074712
0.07254242151975632
0.07364370222045871
0.07372638601297025
0.07421606104380914
0.07392401560532133
0.07407826540283977
0.0736850878880194
0.0739290720269528
0.07357293189549746
0.0729970932006836
0.07349082941580111
0.07317568639376368
0.07319305105024103
0.0731696117267312
0.073350212782338
0.07275245729908955
0.07262826820206887
0.07269571721553802
0.0728949472174329
0.07254313929620575
0.07258445098644865
0.07237264271755407
0.0725243810373327
0.07253072897931709
0.07220222542577577
0.07331175337975702
0.07286713989892812
0.0732189765151114
0.07304284568307015
0.07279035018567967
0.07249873739699837
0.0728264272884915
0.07237565706568255
0.07280885915005507
0.07267986353778107
0.07218635913510583
0.07225625352377993
0.07203214236407674
0.07310514003576785
0.07299608883873276
0.0719595648861436
0.0719026233201717