0.11644656563613158
0.10790541994176386
0.09557382762432098
0.1038099518792839
0.10261975869023647
0.09156592190265656
0.10007517777484115
0.0992222698983726
0.09804665479934781
0.09721873656391798
0.09676370212928495
0.09613572734401399
0.09586629161176449
0.09525050533158576
0.09500165764250443
0.0946528230389414
0.09434646363125088
0.09353681443264916
0.0928887558697265
0.09168854918101152
0.09088745404291632
0.09013755710123951
0.08969645482962563
0.08920646016573337
0.08127862960100174
0.08820831655900988
0.08803750936121117
0.08755755527629318
0.08713768726830556
0.08664134414260989
0.08596291935794756
0.08526655575577198
0.08515662274026484
0.08491392395443807
0.08464531055287436
0.08430091827996239
0.0836947756743759
0.08350728904452068
0.08285225461688356
0.08270620821054556
0.08249755767832485
0.08201929788050326
0.08161740727698909
0.08146422540268615
0.08091555478712727
0.08080649104974763
0.08065213623376495
0.08030824380643241
0.0746561586856842
0.07907387182899156
0.07861788491325873
0.07861444486551268
0.07827794065070783
0.07830138804634836
0.07361631095409393
0.0778196461853291
0.07818122418379286
0.07791167437041331
0.07348212599754333
0.0773634881858635
0.07749382749496707
0.07685767128255011
0.07685157506046138
0.0768108429900291
0.07686316658649754
0.07651471071783246
0.07654715375628802
0.07697724640761335
0.07591300848251571
0.07580228387880202
0.07577635475820109
0.07607372747270534
0.07300872355699539
0.07528200344890128
0.07553495958217896
0.07542787951858022
0.07537212621720275
0.07538539069783916
0.07483620746070242
0.07461966107500126
0.0744829603168639
0.0749431442625541
0.07459800248482656
0.07290080934762955
0.07421261524792763
0.07458932623735787
0.0741113821064127
0.07443586441188191
0.07402153445867499
0.07359962986969135
0.07357526508057287
0.07246292382478714
0.07333014336376965
0.0727660843850754
0.07220194488763809
0.07305508739002893
0.07292447399506825
0.07249638918098109
0.07257908934831862
0.07228205229030313
0.07231122646620416
0.0721901994188327
0.07230089420047943
0.07241791666698502
0.0723761167069716
0.07247711248081275
0.07018425187276374
0.07239359609069003
0.07255705606010529
0.07233654187380177
0.07241789642893733
0.07234379198805724
0.07243856564014181
0.071314618935428
0.07251526144380085
0.07227474151167324
0.07248553658070361
0.07144177971356663
0.07231952666408713
0.0724657382203402
