0.10652723163366318
0.10303029909303199
0.10043506952395552
0.09892461364776389
0.09768796872555653
0.09620201268999687
0.09529645789040762
0.09442331333546132
0.09324875940069868
0.09243918318014496
0.09185021534491518
0.09124748141022407
0.09097098062392146
0.09045673040203127
0.0902013345072301
0.08983487700398927
0.08946717494000675
0.08883319092157282
0.0882928823558652
0.0876568562721891
0.08701208782005114
0.08632932863649616
0.08216051012277603
0.08167225867509842
0.08500047581469458
0.08443544482672519
0.08422101738396835
0.08374562158505737
0.08340036381202492
0.08321065986027572
0.0827413113684507
0.08208703369880445
0.08205929636297696
0.08164725723149387
0.08149871983348597
0.08111891085429881
0.08061312421456007
0.08047876584351679
0.08002454593120377
0.07991647238893178
0.07965843760814899
0.07915904050121336
0.07877231606179294
0.07878025787791422
0.07829788390919702
0.07828600406851943
0.07810617472907297
0.0778772746189734
0.0746561586856842
0.07673317722254062
0.07621056979251008
0.07623117765513858
0.0758940157173458
0.07610705577060646
0.07582284132169559
0.07557999559233088
0.07598299633496527
0.07572328024707854
0.07548579564896808
0.07536976402068617
0.07550602333873395
0.07503592309495123
0.07514648614228223
0.07508414840629277
0.07526598413410444
0.07499025406739214
0.07326027750968933
0.07555234899596808
0.07453893560682479
0.07439001684492752
0.07437992717931227
0.0746754825691354
0.07447971656779348
0.07416337239501164
0.07443112071428593
0.07301975786685944
0.072964146733284
0.07427393646726406
0.07372612134371676
0.07356649733540187
0.07353248128971089
0.07397187318139285
0.07366414641658711
0.07370375010910882
0.0733300093562243
0.0729455053806305
0.07327163673423186
0.07363478725931716
0.0733258419450355
0.07295624542609337
0.07291152981943926
0.07288113584008674
0.07319427547793234
0.07263488945926876
0.07256991756111984
0.07269571721553802
0.07288295095146452
0.07251051084718875
0.07249729305198725
0.07221998617747519
0.07262399161085845
0.07285950338980049
0.07246835156809737
0.07392314529530515
0.07233677415818819
0.0725896371270033
0.0725182272932876
0.07234172263463837
0.07266092490876826
0.07218942123649318
0.0724215947273786
0.07344331852541611
0.07269396141009686
0.07306078455410123
0.07308022389833024
0.07257602838577563
0.07302198318582855
0.07288382374532905
0.072002917813209
0.07271436698405052
